3.526910283366265109e+00
2.896714732983687757e+00
2.302900147858804036e+00
1.926378978182741619e+00
8.337015483082765854e-01
3.463273449685128735e+00
3.675904008199812445e+00
2.891871162122891636e+00
4.286744905283869755e+00
1.448676354069125871e+00
9.093338619409607748e-01
9.641265677283463731e-01
2.113799528484777923e+00
3.302532091967342431e+00
1.950339892975597511e+00
2.404715990518741631e+00
8.023635988546019560e-01
9.083011744773590301e-01
4.055302111428958689e+00
2.792177260327290966e+00
2.474753520181435906e+00
2.669230782987863648e+00
3.035807841086490821e+00
3.272985656271512944e+00
1.037541655095417292e+00
1.011711640987621008e+00
1.034466718437617505e+00
3.611339582842612916e+00
9.764378395683313006e-01
4.224868950177405935e+00
5.092227118729590885e+00
2.217310615860016210e+00
2.147558093677254032e+00
2.571091404080952714e+00
2.932466568651382666e+00
4.149035035269541538e+00
1.030271327001049286e+00
9.014848007371722982e-01
4.333631871109146161e+00
4.285620448243003366e+00
1.926716460192952063e+00
3.353846593968980550e+00
3.006044825715387780e+00
4.357215186307571209e+00
2.722781807737356008e+00
6.895996769991438180e-01
8.362482943800148005e-01
4.350238330456028812e+00
1.572561156332214383e+00
7.477364059959495934e-01
3.746049811473174618e+00
1.038068713840236024e+00
1.929793236750881658e+00
2.672618878307501777e+00
1.055200638174891070e+00
4.423427895414454802e+00
9.907197860143629464e-01
4.277264785980990247e+00
4.926419065963441035e+00
2.168878489690589717e+00
3.106975962050664286e+00
4.624283265774296048e+00
9.379675473015113285e-01
2.189314621543709372e+00
9.032051498482638330e-01
1.897543026257637599e+00
1.923428183178284234e+00
1.056547908420380155e+00
3.057526728478282774e+00
2.732494319858905563e+00
3.565383810840161427e+00
1.476643242664238631e+00
8.772690311790409812e-01
8.348154603446282795e-01
8.102017164524640824e-01
2.049910882212369945e+00
2.623720665752603320e+00
2.011072000233041113e+00
8.647824458135180414e-01
1.784015042997120437e+00
4.004313305615309737e+00
7.132701792993659806e-01
4.008705799766058675e+00
1.743418353482967920e+00
3.307295656501198167e+00
1.130654449683883289e+00
4.105909772216712383e+00
1.334839079668630246e+00
4.690281495602363293e+00
1.673943920526100859e+00
9.951963362979756589e-01
9.899523583599613152e-01
1.011173878203665000e+00
1.051587973577570168e+00
4.147752140206389271e+00
7.691009680371448942e-01
3.769761411589608091e+00
4.621780973157874506e+00
2.466163783799573572e+00
3.088051227808413124e+00
