3.817074564716935292e+00
3.096629867648566847e+00
1.503417333276163781e+00
3.987112338013522717e+00
3.307038518700532226e+00
2.411595088813202725e+00
1.121158586797327050e+00
2.496189143079972528e+00
2.563975083110312081e+00
2.213063092841833335e+00
9.740028754468197381e-01
1.632910919425125895e+00
2.464740363529172029e+00
3.752749695900131854e+00
1.730642963383927757e+00
3.255616769383221865e+00
3.636065277215760005e+00
3.470530352811304731e+00
1.885369461758814813e+00
4.162510048811293828e+00
1.052717298556949066e+00
8.215714607692944371e-01
2.199206062519979188e+00
9.729507830213386388e-01
1.247676606505442765e+00
8.297052603500225665e-01
3.123896610092312454e+00
3.033837093166000809e+00
3.734868429969861126e+00
1.976364488429549704e+00
2.263360722780579870e+00
1.079413197326829721e+00
3.803771442075577713e+00
4.737211655483987371e+00
1.927312417901853703e+00
3.244378874599401108e+00
2.394905744358710731e+00
1.720482846657753084e+00
3.514736113081827096e+00
3.595845993643054239e+00
2.439331868899821565e+00
2.345889331972534020e+00
2.561015817987894572e+00
9.175790340200454809e-01
9.338140555900713569e-01
2.080325458661910432e+00
4.235744801084932121e+00
3.223704227240512310e+00
1.896415872472360542e+00
4.626238545102905775e+00
4.471288935627552696e+00
2.759494651562627521e+00
2.518229478569344870e+00
1.383902676743764992e+00
2.485073252006270828e+00
2.810366562401166224e+00
4.077506367366925843e+00
2.588455098251281949e+00
1.552057475917797191e+00
2.199650388359612130e+00
8.178159485384567384e-01
3.528309026924532521e+00
2.196601882290742935e+00
2.477096177267362087e+00
3.114870960309865655e+00
2.614447585796860096e+00
2.407437201120659065e+00
4.177641136970907887e+00
3.625408366340612254e+00
3.732689026719578251e+00
1.605744776405817920e+00
2.899973544080105992e+00
9.010273641054010740e-01
3.133653130552875421e+00
1.985085687195574655e+00
3.064555975699217338e+00
1.392744402680779148e+00
3.619533921651326480e+00
7.408073023980242811e-01
6.960618356651941951e-01
2.416591388629007131e+00
8.432015986589207479e-01
1.933488977122407304e+00
6.893142888530836565e-01
1.590901682370146508e+00
1.388451053318593642e+00
7.782613585627038422e-01
2.296178871348107720e+00
1.739097277087458204e+00
1.651865458919776319e+00
2.959012556110999892e+00
4.975735847343933038e+00
1.843473479322973230e+00
8.831146656900871195e-01
8.777776026001542498e-01
4.185159138686719515e+00
2.990317892730748550e+00
3.553613060833781478e+00
1.134439909805315505e+00
2.576968840277200634e+00
