1.781287338135980614e+00
1.171237880625161099e+00
9.612309725307536246e-01
1.803241988906822968e+00
2.037360387173332565e+00
9.435527852238444479e-01
1.902779698568007216e+00
1.883146247016247665e+00
1.845035280419754953e+00
1.773185127852573428e+00
1.633704964353701827e+00
1.938829810397087572e+00
1.811837431401539522e+00
9.467619552266915983e-01
2.142705616048559136e+00
1.735062985022716608e+00
1.513287965714288141e+00
9.950352700490332492e-01
1.795789713166004331e+00
1.720329617687094803e+00
1.902205632450404638e+00
1.410069262476870033e+00
8.823950794168945455e-01
1.241792667618658585e+00
1.493235840190519026e+00
1.549237826745991642e+00
1.354934930433854712e+00
2.028982782101095506e+00
1.473306434224588291e+00
9.154283207583386872e-01
1.485085716942540213e+00
1.258604790695955433e+00
1.322649867671317869e+00
1.511647635641671261e+00
2.333310389904070359e+00
1.427753165309903149e+00
1.122249672276842247e+00
1.428338032090061605e+00
1.598778745056190775e+00
1.584822836942391122e+00
1.397990950159073265e+00
1.008149603700579711e+00
1.685338957824897399e+00
8.478246741645142359e-01
2.122581409706138622e+00
9.124810081367209502e-01
1.289091684789933190e+00
1.044188228774155736e+00
1.719123515496845167e+00
1.357366399807125701e+00
1.384089072033265477e+00
1.583162211260925822e+00
9.809467814612458092e-01
1.672383433905768602e+00
2.024201498876540217e+00
1.956516701640103495e+00
1.721226759013503083e+00
1.549164040788090890e+00
8.195826604895778411e-01
2.292410960271346276e+00
1.768145436446264540e+00
1.770345900509943782e+00
1.859779417362796394e+00
1.462584111616061611e+00
1.539707843830556699e+00
1.480208555453355723e+00
9.397998173253893084e-01
1.530559636681651625e+00
1.715714475471660228e+00
1.915042875841292958e+00
1.806353840666723665e+00
2.011818792986228566e+00
2.024652631860582197e+00
1.406156796253165142e+00
1.973586801027135573e+00
2.189614194924948354e+00
2.108937717564651315e+00
8.768769546115718905e-01
1.352201003880754371e+00
1.771404056131014260e+00
1.871637446864494292e+00
1.505139915885913560e+00
1.662917058723626607e+00
2.025531791281645511e+00
1.903277498438598059e+00
1.874529263017736369e+00
1.488428328742968709e+00
2.061048640302443946e+00
2.123762848071655718e+00
1.541390579320339738e+00
2.336101117285644513e+00
1.480280397878049881e+00
1.434171554044421315e+00
1.666453924629647254e+00
9.340242175814502668e-01
1.549736172146205293e+00
9.745582042957934288e-01
1.503064565582858947e+00
1.781956233969290482e+00
2.027839097162596804e+00
