9.000000000000001332e-01
8.000000000000002665e-01
1.400000000000000355e+00
1.700000000000000400e+00
1.500000000000000444e+00
3.000000000000000444e-01
9.000000000000001332e-01
1.300000000000000266e+00
1.100000000000000311e+00
1.300000000000000266e+00
1.000000000000000222e+00
1.300000000000000266e+00
1.000000000000000222e+00
1.300000000000000266e+00
7.000000000000001776e-01
1.300000000000000266e+00
1.600000000000000311e+00
1.400000000000000355e+00
7.000000000000001776e-01
4.000000000000000777e-01
6.000000000000000888e-01
1.200000000000000400e+00
4.000000000000000777e-01
1.300000000000000266e+00
3.000000000000000444e-01
1.400000000000000355e+00
1.600000000000000311e+00
1.200000000000000400e+00
1.200000000000000400e+00
1.200000000000000400e+00
5.000000000000001110e-01
9.000000000000001332e-01
6.000000000000000888e-01
7.000000000000001776e-01
1.200000000000000400e+00
5.000000000000001110e-01
1.400000000000000355e+00
1.400000000000000355e+00
7.000000000000001776e-01
1.100000000000000311e+00
1.500000000000000444e+00
7.000000000000001776e-01
4.000000000000000777e-01
8.000000000000002665e-01
1.300000000000000266e+00
1.200000000000000400e+00
1.300000000000000266e+00
1.200000000000000400e+00
2.000000000000000111e-01
7.000000000000001776e-01
3.000000000000000444e-01
1.000000000000000222e+00
1.400000000000000355e+00
1.200000000000000400e+00
1.600000000000000311e+00
3.000000000000000444e-01
1.400000000000000355e+00
1.100000000000000311e+00
9.000000000000001332e-01
4.000000000000000777e-01
1.400000000000000355e+00
6.000000000000000888e-01
1.800000000000000488e+00
1.300000000000000266e+00
1.300000000000000266e+00
1.300000000000000266e+00
1.300000000000000266e+00
4.000000000000000777e-01
7.000000000000001776e-01
4.000000000000000777e-01
2.000000000000000111e-01
2.000000000000000111e-01
1.000000000000000222e+00
1.300000000000000266e+00
1.400000000000000355e+00
1.300000000000000266e+00
1.400000000000000355e+00
1.000000000000000222e+00
1.300000000000000266e+00
1.200000000000000400e+00
8.000000000000002665e-01
7.000000000000001776e-01
1.300000000000000266e+00
5.000000000000001110e-01
1.500000000000000444e+00
1.300000000000000266e+00
6.000000000000000888e-01
1.500000000000000444e+00
6.000000000000000888e-01
1.600000000000000311e+00
9.000000000000001332e-01
1.500000000000000444e+00
1.500000000000000444e+00
8.000000000000002665e-01
4.000000000000000777e-01
1.500000000000000444e+00
9.000000000000001332e-01
1.100000000000000311e+00
1.200000000000000400e+00
1.000000000000000222e+00
