3.812393844325853820e+00
1.364264559822285783e+00
4.617250822879439554e+00
2.974390199687317438e+00
2.194815017020869785e+00
3.383643714178648843e+00
5.484523369579497931e+00
3.535485473844807380e+00
3.171649079455804099e+00
2.774564643903610239e+00
5.600838113826142051e-01
2.640361608610037880e+00
4.022780011180557835e+00
1.832446737488268695e+00
1.844586901650774768e+00
1.846980541019838329e+00
4.545441632108092378e+00
1.046900774549819779e+00
9.054446881604873987e-01
5.146934311435233056e+00
3.030985196608438237e+00
2.636042713660433634e+00
2.584463099076397707e+00
3.055745181578339409e+00
1.707733907126066875e+00
3.512213351083688373e+00
1.497743477981788862e+00
4.372062808671539180e+00
8.568723765905367218e-01
3.867228570092553497e+00
3.825491045781635790e+00
1.611016549711344892e+00
1.220168462231849604e+00
1.348830439909285861e+00
3.014746790084001038e+00
3.828938731113253446e+00
3.454423626306507344e+00
2.791948085921599709e+00
1.085099098262410910e+00
3.835720616517324544e+00
2.504666877869951236e+00
8.540872975943515355e-01
3.735084160578459489e+00
4.673966875277298705e+00
3.635062997118895911e+00
2.286548931252692984e+00
2.839155420619061676e+00
8.331788853723486321e-01
3.949352730616104701e+00
3.514399753099318069e+00
4.127235147852124975e+00
3.387122959824786506e+00
3.088137508739866366e+00
2.531874546978583940e+00
4.002243402743435041e+00
1.591418669487910886e+00
8.457464047752468739e-01
2.984226101425925037e+00
2.086081003534585143e+00
1.952511213873733720e+00
1.839468159229510125e+00
4.541310308937764439e+00
1.218976926807251004e+00
2.782228557724943485e+00
3.049021416110404559e+00
1.117297002489549218e+00
3.738606573061834748e+00
3.817228406816132846e+00
3.123542507011106917e+00
2.121369697227144080e+00
3.932035938549229392e+00
1.107545742130612298e+00
3.625023379201149254e+00
4.838063721001517159e+00
7.951959783171531626e-01
6.980050388799491357e-01
2.952605848730053051e+00
1.899436685764655630e+00
1.062349635685346128e+00
2.183653623693030177e+00
4.002970435910224722e+00
1.244500404897909807e+00
4.198438617614176138e+00
4.347035773698417316e+00
1.800842409235002828e+00
1.173020460647482999e+00
4.331084892629034400e+00
8.569707498760452680e-01
1.688970821809033795e+00
1.335025283840124644e+00
1.054267174217426106e+00
8.147930571498146479e-01
4.569102636854935007e+00
1.062849849666532398e+00
3.263668519313127625e+00
2.551733993615465490e+00
4.948105482058807958e+00
9.135386865721122351e-01
6.855916068605245606e-01
2.249652453998487900e+00
3.835522440250182630e+00
3.100634903073042903e+00
1.166894352829464410e+00
8.839194328730954897e-01
8.864193641430018200e-01
5.624954295850734809e-01
3.623434372022591887e+00
1.687901009688331566e+00
4.187791802864117230e+00
1.035074461349348995e+00
1.620759651112417599e+00
3.023710051812257937e+00
1.580979173286539918e+00
8.558915082598024249e-01
4.015850400924408703e+00
1.165927867557955189e+00
1.195857927845977331e+00
2.733001828042301184e+00
2.755239957997992484e+00
4.012429430782538553e+00
2.203181106855515825e+00
2.510551010233930569e+00
1.694086505971830192e+00
2.041620587536062015e+00
2.755270991602233099e+00
1.095683006478588739e+00
2.991830610114408096e+00
2.306481814710400702e+00
1.094693252788029980e+00
1.937257985450562936e+00
2.371406587134340160e+00
2.435289992643176138e+00
2.647270994539579814e+00
2.214520938547414719e+00
4.691690266786675778e+00
1.953446166518197469e+00
2.445058151756292375e+00
3.646844876568104965e+00
3.092488616936877044e+00
4.636075041002805541e+00
3.388682058202126868e+00
3.027853476217792661e+00
3.160298887171855586e+00
1.034632750719524985e+00
3.717312279358174543e+00
2.887084125701444570e+00
3.902142314748614726e+00
1.292455562311302764e+00
8.041349729130634616e-01
4.782279095489871956e+00
7.167989379097008396e-01
2.839385560359442007e+00
1.552483152962069513e+00
1.843311009030958791e+00
2.857992858987812301e+00
7.209315342842650409e-01
1.009870166110168554e+00
9.403539492237454889e-01
8.836047230533411456e-01
1.870987846005586652e+00
2.267879503126087659e+00
1.137901955386639852e+00
2.849106025169695133e+00
2.167428628979151561e+00
2.719491142772902048e+00
1.418652905679205656e+00
3.007528951752372670e+00
9.273507330691567185e-01
1.295022575367093198e+00
4.642085000910252113e+00
1.030677836586010532e+00
1.068798336921894077e+00
4.290139270767193480e+00
1.893930386342794980e+00
1.897455397535954047e+00
3.199629705719636341e+00
2.812083399789115479e+00
2.324704505082495931e+00
2.769980163241842597e+00
3.537856897882023510e+00
1.630118379091758607e+00
1.111725547687419935e+00
3.673310856634942834e+00
2.249418020571583021e+00
3.064152856548749693e+00
3.857121950916681641e+00
3.026144455670959132e+00
2.080234276530681381e+00
2.702907824639206424e+00
3.878641334624872261e+00
3.892186447312033781e+00
4.842513694313924866e+00
1.885131896361633030e+00
3.824015005311176107e+00
3.952707607953470426e+00
1.943963600242523793e+00
4.305035533322215890e+00
2.294925733554423974e+00
3.428897079499560352e+00
2.598683923564185427e+00
2.264128729839367082e+00
2.132771502995463475e+00
1.049052951988677762e+00
4.471079717576324164e+00
9.291636224559312041e-01
4.781349065106151208e+00
4.118647184946347295e+00
2.379018544417226710e+00
1.373886391667586082e+00
2.451402233518900520e+00
3.036983951234819123e+00
4.055647449969138840e+00
2.916756627447444572e+00
1.259535942609276038e+00
4.898416983788741241e+00
1.022761990468057602e+00
3.397190771165675915e+00
3.046390789827470247e+00
1.945981095499669244e+00
2.997070238049721613e+00
3.361371245585674572e+00
1.148620820800649645e+00
2.661550490300117477e+00
2.871299698396409639e+00
3.961633794201797176e+00
4.799268995345938649e+00
1.561153463140475983e+00
2.042640302640431837e+00
3.620907101078147949e+00
1.975733550248756298e+00
3.865883943582839155e+00
2.666686758420089731e+00
3.463858694034209318e+00
1.979488937645371482e+00
1.816845309561122557e+00
1.085415251234324252e+00
2.734832434835119841e+00
3.359729921029658062e+00
1.886652989298243543e+00
3.596409355993511969e+00
4.568238603732675429e+00
2.334926359451479083e+00
1.242324850599410224e+00
4.681677022623954798e+00
8.518487182556686577e-01
9.550900200921134120e-01
3.037635597333422588e+00
3.195949676715278187e+00
1.740793666218251490e+00
4.572974918489525642e+00
1.834103011395109339e+00
4.373805997348472197e+00
3.647768667426894318e+00
8.194679287111300559e-01
3.076986195646597366e+00
2.732844728433506010e+00
5.021970200679885643e+00
1.954798509505588866e+00
1.025252642190189523e+00
3.593730125468699743e+00
1.767848786973497566e+00
4.455564817563137936e+00
1.021397233739384847e+00
2.527182648568572443e+00
6.573933658648611900e-01
1.685078030168078556e+00
1.047046681664099976e+00
3.194044888833543538e+00
2.183110246055255832e+00
2.139278860292691764e+00
9.040122420410999782e-01
4.086894948387681303e+00
4.278081146661086187e+00
3.351043156445058457e+00
1.630765150288698617e+00
4.568186468245492016e+00
1.660458294781848254e+00
2.024291010683699987e+00
1.596127529107166598e+00
9.753825536993645517e-01
1.806483497402047833e+00
2.678063153896379056e+00
2.652305922787447479e+00
3.613462457438151088e+00
4.102329076804813290e+00
3.962663035741294415e+00
2.355629158816412438e+00
9.212671041054342203e-01
4.328955752183203387e+00
9.540237926742703989e-01
2.604626827319302063e+00
3.157634163445379283e+00
4.177477427944080723e+00
2.482931798701435877e+00
1.191750269292568776e+00
3.178078127282968346e+00
3.920556866806083729e+00
1.011214275187886757e+00
3.294555160396773541e+00
2.402051144146416739e+00
