1.243904633059641274e+00
1.324389946648483418e+00
1.763163063822912102e+00
1.747998505013520720e+00
1.233937390828373726e+00
2.085986827681518996e+00
1.033049565211308085e+00
1.070100413925608507e+00
1.355750044724562287e+00
2.061489363547699849e+00
1.286520103533935977e+00
9.613132521858805957e-01
8.424492195099937408e-01
1.775444040729358131e+00
1.793089374075705233e+00
1.389901088050446321e+00
1.000255494578253801e+00
1.556581247997325335e+00
1.854160088638745929e+00
9.492076953318382415e-01
1.027492233486489992e+00
1.597495374388948619e+00
1.876170992041583441e+00
1.185256629477356549e+00
2.160207886033318481e+00
2.033158832444912800e+00
1.743862052587269895e+00
1.430134377048823735e+00
1.516177954254489757e+00
1.812454796585932559e+00
1.428575861985814432e+00
1.377916645395012463e+00
1.807188688940608134e+00
2.130073137420412710e+00
2.149768475571733450e+00
1.524232180704297335e+00
1.865915891555833150e+00
1.789330780127673881e+00
8.974006925065397544e-01
1.098612697375127789e+00
1.470165837605755144e+00
1.654929221385778026e+00
1.774609795432356751e+00
1.179034065545727650e+00
2.062953794729597945e+00
1.548842647253589444e+00
1.909094519668448120e+00
1.626878850906654073e+00
1.755725674561827043e+00
1.612731790959168299e+00
1.700313504216505622e+00
1.376524234919733081e+00
2.081304215415485714e+00
1.918014155198694892e+00
1.529189355617822210e+00
2.280442813108354727e+00
9.920966615673690869e-01
1.951883618595633862e+00
1.027506649507831105e+00
1.958402304835223040e+00
1.630764351139245338e+00
1.163133707686552443e+00
1.747990460417847336e+00
1.985162853557661533e+00
1.688430655652317869e+00
1.394274033235137322e+00
1.411089127445529279e+00
1.437159061530608462e+00
1.846646116543909644e+00
1.892041815091923374e+00
1.551353170788837055e+00
9.273995082052358674e-01
8.781597667785210337e-01
2.001917212683227199e+00
2.040176858805950566e+00
1.806795920263414068e+00
1.572005766351022071e+00
1.838076707334093784e+00
1.824259730631724974e+00
1.378084016816421231e+00
1.953785358546200834e+00
1.569625887309366918e+00
1.591506802635232143e+00
9.128341219939328788e-01
1.986780477360590824e+00
1.158503943697104521e+00
1.278772664630444478e+00
2.025309352308599653e+00
1.877431061705538307e+00
1.771401810801248589e+00
1.446642597194989222e+00
1.410644903026667674e+00
1.167092590324426915e+00
1.282627063768759568e+00
1.663585468258147015e+00
1.152677006422244688e+00
1.442493363617009194e+00
2.169866743007534904e+00
1.435769598545393544e+00
1.825709452263450716e+00
1.906221044209134741e+00
1.952191036101783572e+00
2.111758718180201999e+00
1.768527490072470787e+00
2.189350970115757189e+00
1.934608728394951793e+00
1.031392799107510916e+00
1.759004514830567523e+00
9.489161870862213854e-01
1.089605286124293970e+00
1.070122087058852367e+00
1.296734782976487255e+00
1.439738109120798804e+00
2.230196068617341876e+00
8.754289961575878465e-01
1.347858494470883350e+00
1.549150138640942975e+00
9.507056904127656471e-01
1.677107082294023055e+00
1.920576025888249827e+00
1.729931444081459935e+00
1.752735212842259083e+00
1.599813158014402603e+00
1.864347057526985374e+00
1.653118803450565277e+00
8.866308440321937212e-01
1.414191143146237506e+00
9.662952924876718752e-01
9.020343179974080750e-01
1.963956539538225465e+00
1.288246605958631497e+00
1.498560679299549392e+00
1.087276803705311323e+00
1.928797299705208967e+00
1.655623738929594468e+00
9.640211083994146835e-01
1.396843475746411212e+00
1.664175729637087153e+00
1.482742416266405572e+00
1.856682114569669029e+00
2.192147067219779810e+00
1.909977748414653398e+00
1.428429904167872522e+00
1.646655243815047465e+00
1.043779189196399670e+00
1.639014471354169444e+00
1.913389067762569562e+00
1.892159846930315359e+00
2.102513899650645168e+00
1.125683604909445412e+00
9.997852577150023734e-01
1.711815379798173442e+00
1.111887454756799398e+00
1.383235718077753695e+00
1.421529487772845268e+00
1.285427959782166951e+00
1.751535953972758630e+00
1.853639817787185784e+00
1.585602261375686384e+00
1.576657487377111311e+00
8.408964782016163930e-01
9.588062984322012205e-01
1.788719431183093400e+00
8.206444128471597210e-01
1.839075017515571453e+00
1.067439526975657360e+00
1.141278875869013332e+00
1.384573580753107436e+00
1.833907020080540740e+00
9.843506302883542336e-01
1.370495282651829960e+00
1.099261416312626638e+00
1.271532355819831928e+00
8.620158142984505334e-01
1.884175661361922494e+00
1.464292397019911096e+00
8.717101070047558187e-01
1.448766437591565648e+00
7.552592658676400283e-01
1.568724495133322794e+00
1.929520941892530095e+00
1.964163073159457262e+00
1.563318461307580121e+00
2.011977527800722587e+00
1.802230965614863623e+00
8.870402297683780413e-01
1.104759106119963974e+00
1.705505957721647148e+00
1.894739145275106118e+00
1.948346191920145909e+00
1.314659645762496165e+00
9.217625862554646998e-01
2.028241418277063168e+00
1.065813252401166977e+00
1.828230639202300001e+00
1.541977940491633392e+00
1.732591126071318710e+00
8.800016147463062266e-01
1.355640685129366529e+00
1.660638735606940086e+00
9.365631500066596837e-01
1.770957620532540355e+00
1.302562207703295005e+00
1.938943900171091750e+00
1.537639251052380640e+00
2.009577212326135953e+00
2.048696220259036416e+00
8.507913102598471111e-01
1.257494897107893639e+00
1.020618758398274428e+00
1.536453729803068047e+00
1.715221589978393135e+00
8.008376612358163449e-01
1.418266336865772193e+00
1.765423951571311489e+00
1.425549908876752925e+00
1.848738826178193406e+00
1.156124154806525084e+00
1.800838572212849042e+00
1.415107598374454545e+00
1.498113814827503054e+00
2.022396069145664388e+00
1.817446250906767036e+00
1.094850698440564374e+00
1.700313341625417918e+00
1.659964520201373750e+00
9.752784976778173798e-01
1.286415751201825497e+00
1.083587053522664156e+00
1.742357898398731786e+00
1.020575244278979055e+00
1.182017396484279947e+00
1.840707632635649960e+00
1.388703397585225874e+00
1.677913221099772922e+00
1.385242296209409085e+00
9.389412298524993927e-01
1.054947713321388703e+00
1.775304948582599129e+00
1.653369680931798813e+00
1.672388488706983756e+00
1.776106929278121083e+00
1.891132780289137338e+00
1.376675328972704948e+00
1.571865443467612256e+00
2.064321260426202453e+00
1.610600663660176401e+00
1.289004692722731660e+00
1.674024878840715047e+00
2.086952255348353269e+00
9.503530343322896812e-01
1.024089874155080349e+00
2.104400103120105836e+00
1.749667445100759888e+00
1.554967109559224570e+00
2.019072428042306910e+00
2.013501451909489148e+00
1.631056263430180175e+00
1.996124997267699319e+00
1.768084353123934971e+00
1.439307119261215684e+00
1.511236824291000591e+00
1.415626113114141882e+00
1.172334291243499527e+00
1.510418981841178176e+00
1.450767201340642298e+00
1.211480598873263537e+00
1.543080441257585811e+00
1.973473943057630908e+00
1.617824488955219353e+00
2.068237276544720782e+00
8.620419752110010103e-01
1.682671764057628971e+00
1.527600570255378765e+00
2.251727233670381967e+00
2.505804107498770694e+00
1.999115795539339935e+00
1.848249072115024205e+00
1.290179842320316350e+00
1.932939957149389931e+00
1.760565639229590751e+00
1.459660913931279280e+00
1.677797620079337415e+00
1.649753399578052671e+00
1.544979235552019103e+00
2.254794830017892160e+00
2.093551435965010477e+00
2.191385058402616881e+00
1.412993002541510501e+00
1.783975779643228288e+00
1.543239326413075485e+00
1.086831650405592598e+00
9.847316090793568621e-01
8.816347964232543744e-01
9.167338754589948735e-01
1.025844004511723417e+00
1.000901646102336562e+00
1.639308151575585182e+00
2.066132746036694279e+00
9.388455878714974112e-01
