3.209184757113229480e+00
2.900913935863227877e+00
3.499658447690086049e+00
3.558242167847010862e+00
3.034568117154167854e+00
3.059565977509405066e+00
3.642859942835643405e+00
9.287761986318814333e-01
9.726524747719527131e-01
9.422673083722895582e-01
3.025530963391161787e+00
7.587681009456097581e-01
3.404502583274015226e+00
8.843065209213907263e-01
2.594819493903018692e+00
2.925502233980429967e+00
2.872535092939592971e+00
3.684510489687207180e+00
2.778939334844798825e+00
8.808792156466960233e-01
8.797474724274648716e-01
1.715884144727612748e+00
1.092766070531818734e+00
2.804708241194865614e+00
1.730447627013599998e+00
1.836205277268246228e+00
3.478711947234425672e+00
2.918509583252186790e+00
1.651744855029372516e+00
1.537318014319988935e+00
2.951998454960757634e+00
1.824846807732664500e+00
1.654482632235001915e+00
2.616772244655503954e+00
9.783862581779830814e-01
8.528623041582554798e-01
3.515010478049063636e+00
8.029402443376782994e-01
8.243840593169760034e-01
1.197343207147593125e+00
1.955082796864630268e+00
1.067158697279740664e+00
3.406187923922405769e+00
9.593918121625084616e-01
4.326152221323066094e+00
1.892571864643240565e+00
1.885900328930995018e+00
2.384318916935113108e+00
2.605896714284987592e+00
3.633555384426256918e+00
4.508108357835211244e+00
1.696424821946054706e+00
4.527949092426085009e+00
3.742687130666275674e+00
1.939329526997924491e+00
2.386331387571379636e+00
3.759999430517739771e+00
3.638500340396049637e+00
4.340569356902778786e+00
3.682770620026657227e+00
3.726571399960913133e+00
4.048702092565176436e+00
3.745919227837488652e+00
8.576278721731472876e-01
9.932968271743040090e-01
3.242576052374035900e+00
2.446582165194667535e+00
2.766838297609210517e+00
3.307321459328602220e+00
9.222249415052289345e-01
3.060357760130188343e+00
2.870742781030293678e+00
1.748864701003420841e+00
9.722255272122511949e-01
2.008294845338451484e+00
1.008568842879372651e+00
3.697617861394554062e+00
3.296053270566152715e+00
2.909929633658693060e+00
1.098459884173369927e+00
1.172738045149697150e+00
9.114101059452975884e-01
3.254330185222456429e+00
9.090257934785458405e-01
3.621018089652453753e+00
4.187902994417075142e+00
6.428557525206262113e-01
1.990437026321899117e+00
2.037443487240212736e+00
2.870427577945836806e+00
3.043570411034320689e+00
3.917490436176784829e+00
4.099488883430637109e+00
4.341595181849196017e+00
2.065599630587510394e+00
1.690358539717966790e+00
3.457291558940692511e+00
8.917222510939681879e-01
1.982198910395886804e+00
4.586880101007138499e+00
3.320307119143080854e+00
1.027292598370144416e+00
3.942573689476219556e+00
3.365954269454663805e+00
9.568311256327781678e-01
1.846179468157908010e+00
3.427777287331760458e+00
2.009992969539187602e+00
2.543745231994474221e+00
2.975144576047656475e+00
2.422676692298145529e+00
7.751720875666495703e-01
8.347228904920036552e-01
9.726507160689998877e-01
9.225251439335685477e-01
9.485709676476713481e-01
1.411302360353629659e+00
2.259341108424465450e+00
2.505113323515418156e+00
1.053452230837873538e+00
9.105166791641260415e-01
2.892257290412113768e+00
3.410454418608608762e+00
1.072303834672939438e+00
2.953514192080110679e+00
2.074686947028269834e+00
2.945771141595730391e+00
3.691816367830202950e+00
2.994467519977274339e+00
3.475829709176588622e+00
1.863016521884531818e+00
2.140973226612945979e+00
9.977714658496130706e-01
3.461547407164646373e+00
2.763075756910032599e+00
2.527798774635740653e+00
4.520703253117099862e+00
3.447827172179014354e+00
8.867713594268445965e-01
1.531162528768126307e+00
2.720952741262633090e+00
7.978779276846800217e-01
3.931179366644305340e+00
3.320472246693343177e+00
1.130525074707955824e+00
1.551298436262868785e+00
2.232765919009627176e+00
4.598142493482084703e+00
1.905683812992872150e+00
4.180370247615495138e+00
2.972032524828745359e+00
3.305009609818761351e+00
2.293613154892584660e+00
2.569333549900690183e+00
3.412627530969200684e+00
7.777068732378492610e-01
2.413214452278793498e+00
6.986054583474542445e-01
2.142124752582190261e+00
1.065873350759878324e+00
2.106748876254461056e+00
3.313650309112328607e+00
4.723527036212741059e+00
2.086249642224033085e+00
3.410635112129197566e+00
1.010665754348879730e+00
3.729166650657088855e+00
3.566483893671506866e+00
4.573487423514597694e+00
1.974361738499889496e+00
1.647531412419068308e+00
4.248829524529209145e+00
2.386556134868762502e+00
2.236104285532552360e+00
4.530169567342173131e+00
4.630479184445198015e+00
2.167779148745920814e+00
7.552022713224747497e-01
4.349372734470557944e+00
7.266327797810747668e-01
2.936690218970353428e+00
3.613976140818918381e+00
1.835965457404757473e+00
5.303764285687405433e+00
3.771600915868007053e+00
4.158163824930170449e+00
8.946765273589567524e-01
7.833188503242034528e-01
2.966112530676647818e+00
9.352692091649503769e-01
9.651974718871764169e-01
3.366703323426151861e+00
8.408845993427486176e-01
7.797014224933449533e-01
5.119994078075692734e+00
4.997197604416349748e+00
2.109996390206693384e+00
2.531542930696037974e+00
3.656569703385877723e+00
2.653536614968715845e+00
9.468841473900512229e-01
3.818312415157856687e+00
8.245963155890964069e-01
9.943825408451658632e-01
4.242843812030581141e+00
9.276905966416196803e-01
1.329705838676426222e+00
1.282868058306384063e+00
3.700164439468353716e+00
1.490192430749487373e+00
4.120901452270007148e+00
2.583188998007323267e+00
3.125674556339611332e+00
2.586772259488959502e+00
3.362685745652668423e+00
1.421100154409451921e+00
4.675810815017201527e+00
3.942022876193524095e+00
4.617454822052478036e+00
1.779680197145171894e+00
1.984349573035069758e+00
1.531467690312909191e+00
1.000934218286798405e+00
2.202197722487376552e+00
2.536062227419705550e+00
3.323053118533984218e+00
2.006112705825561893e+00
8.611396275485342366e-01
4.726522545022798560e+00
4.601734845184434874e+00
3.719446596516734260e+00
9.258144527615621566e-01
4.157503867936225284e+00
2.910851604303871909e+00
1.663801641203200177e+00
1.574294926678006856e+00
3.102910636014608148e+00
3.220451573737718842e+00
4.703712839468773943e+00
9.996607735178369980e-01
8.969760479582268298e-01
9.155055380358365635e-01
4.151691719288030491e+00
2.091943342531734640e+00
8.649475094876434289e-01
4.178603638179744451e+00
1.665222515186745023e+00
8.776108652046302749e-01
9.647276823335442231e-01
3.786124797973784872e+00
5.045719260995864985e+00
2.686301617245545170e+00
3.236895703374516930e+00
4.162950600344232477e+00
8.131129280892606115e-01
2.197016059796604637e+00
2.732521339023096907e+00
1.427213340043860690e+00
3.335012196396627715e+00
3.398866228870085049e+00
3.968679612193147577e+00
2.684609282833638311e+00
9.426711783224560604e-01
6.666560783135377921e-01
2.159964663245482530e+00
4.136549000435086221e+00
2.316438178187374408e+00
2.097115250748093906e+00
3.133293907944521894e+00
1.505702158917761713e+00
3.150636374857678224e+00
8.773652611866133988e-01
9.441721161918007477e-01
3.634269213802131304e+00
9.164657025232425536e-01
1.636545215142978460e+00
1.718390464535131335e+00
1.840341165886586694e+00
4.253867116065311649e+00
8.182182452733131051e-01
4.414429644494913596e+00
2.844181626701017152e+00
1.702036637753386650e+00
2.411200072016610019e+00
1.419021629434218390e+00
4.199379825949449696e+00
1.397906616832025106e+00
4.647645905169487612e+00
1.700318150402345907e+00
4.456624387106622898e+00
3.417376407826372198e+00
1.462685369676022917e+00
4.329809873934013176e+00
2.539161920877374801e+00
1.595718977098748326e+00
2.877577463293892635e+00
2.177184690222207397e+00
1.848358953985285158e+00
1.786850293707570758e+00
2.475402018424870398e+00
