2.354646666472171468e+00
8.037596166635427863e-01
1.849067866323528264e+00
1.693277881087202008e+00
4.066851987465209817e+00
2.853536701205502180e+00
1.068679323645629120e+00
1.056427710608393244e+00
3.233716797926625919e+00
2.101701177269450938e+00
2.506984309101236708e+00
2.917300447164683064e+00
3.763929657788616989e+00
2.848596443402375389e+00
9.580892645500299620e-01
2.157216054334464506e+00
3.737869313583003006e+00
3.235262701267680452e+00
3.114182888922179870e+00
8.532477984347307531e-01
2.484125133160192789e+00
2.506293406755980335e+00
3.444075081036812591e+00
1.867600198246763599e+00
2.576337037025662191e+00
1.174126090562082059e+00
2.038642334295864611e+00
3.389231820151495711e+00
1.826550472770795741e+00
2.839479570624249938e+00
4.459978161701300792e+00
1.620897624858692820e+00
3.241517581657475944e+00
9.658424741134276070e-01
6.861294284724476222e-01
1.435860146655148162e+00
4.061270746624685124e+00
2.497407525771970338e+00
4.448662291583724837e+00
2.406714924858925464e+00
9.738151335402426279e-01
4.823473846256921327e+00
1.974165108924861078e+00
2.765347507935886018e+00
3.738515792900371171e+00
1.859613576261785806e+00
2.945037121834235716e+00
3.311302063684412822e+00
2.186468335092412119e+00
8.112081490458440403e-01
1.863719661313874898e+00
2.816577457701003429e+00
2.391107147654096376e+00
2.242649865123018671e+00
9.842169529189160881e-01
1.926373956276105082e+00
4.075931869052477730e+00
3.074371094972333296e+00
3.660829040653009958e+00
1.721408017345058106e+00
1.891035490511754791e+00
2.724778653834611930e+00
3.110841312431888994e+00
8.259868364179362432e-01
2.340287784179016839e+00
3.802771627968485557e+00
1.437681810486553191e+00
1.223395111305130900e+00
2.512433736091194358e+00
5.374985927661622753e+00
2.601987561419391692e+00
3.402490017986304238e+00
2.214288844814321422e+00
3.904104165336219179e+00
2.306628959499537057e+00
2.520080972453725199e+00
1.595967358151531679e+00
2.246935574347903142e+00
2.999955477821276695e+00
4.590832668649168724e+00
2.181655827361315581e+00
2.335258317430128905e+00
3.297806375826102254e+00
1.936481461992619169e+00
3.630574934947539134e+00
2.299836444277212788e+00
1.144095845267595557e+00
2.971066013452024368e+00
3.266825549684605257e+00
9.521903468115534563e-01
2.605265616577542964e+00
3.286588377263032879e+00
3.247472495154886563e+00
1.031881978096886421e+00
1.988786842806484545e+00
2.788035353604403355e+00
2.609369848368330302e+00
7.750622151358101952e-01
3.200774174074448197e+00
1.901348846730339437e+00
1.810787421952143150e+00
3.018581584841684151e+00
3.729856223104631496e+00
8.181868701907452079e-01
3.541586619745399567e+00
2.304257438793041679e+00
3.234487440724323815e+00
5.012984186094009864e+00
3.308742347664583416e+00
2.613280429689622153e+00
4.571767792194486368e+00
3.815764693435018451e+00
4.963008512585838972e+00
2.730340532989926849e+00
2.864843083849417216e+00
8.444553965437654464e-01
2.881856318662130434e+00
3.570929771539548714e+00
4.210031669163033285e+00
2.005710923438698501e+00
3.805232067922557970e+00
1.632566660969978711e+00
2.868177390637476787e+00
9.470691954050112216e-01
2.697762769103927205e+00
2.744555912871746273e+00
1.108674657097719507e+00
4.623043700065649020e+00
2.772482634197126927e+00
2.435129486953467648e+00
9.770998569376161402e-01
3.485670984052731125e+00
8.279708051305995076e-01
2.890723892755510782e+00
1.953932918162391896e+00
4.443232234154575799e+00
4.199291565286795702e+00
9.242299398440256830e-01
4.261651445273548333e+00
3.503374649124381346e+00
2.002008974422549326e+00
4.288673105736294566e+00
1.479696675587844679e+00
7.698287353963328972e-01
9.459178220169248696e-01
1.686935250523586172e+00
9.952708348831915686e-01
1.853283419043274982e+00
3.148741143089619055e+00
2.950623533630959194e+00
9.399378857920972496e-01
2.565924817274250813e+00
2.761122918493241318e+00
1.262860807836014176e+00
2.390018189976263141e+00
1.529147668505382418e+00
4.030906033856810566e+00
3.814967649241940872e+00
2.724890537793628109e+00
4.406467029753919462e+00
7.051340711465755584e-01
1.430978188645074534e+00
2.001202642711067181e+00
2.374998372451302409e+00
8.774144100289469339e-01
1.946856449898249020e+00
1.939036833067994792e+00
1.674169676366340731e+00
2.801446419624879169e+00
2.631445993299221353e+00
3.899594468633349909e+00
3.516228309683441022e+00
3.675326228496597292e+00
1.757953299545022219e+00
2.115412655888543547e+00
9.852381068085332982e-01
1.924048744691613910e+00
2.515821011629911563e+00
3.550694130558035955e+00
2.380103738035689531e+00
1.333899076005832462e+00
3.007429285799410934e+00
2.775658286451048617e+00
7.960135556499281506e-01
3.119521019337399004e+00
2.150054531465024787e+00
2.549524572607891226e+00
3.715995140065943225e+00
7.783509031520656762e-01
8.967627903114422372e-01
2.364765887940445399e+00
1.777744118110018423e+00
1.053902772733953386e+00
6.672145442279333594e-01
1.321791540262897691e+00
8.590765762124057403e-01
1.131222418013949405e+00
4.635156317915527957e+00
3.206920698544473591e+00
3.089963773123087787e+00
2.136086712491801265e+00
1.125762215379592313e+00
6.531496913499668100e-01
3.937982637976073619e+00
2.777602626498799854e+00
1.782680857106677896e+00
4.109693909296652237e+00
2.271405814546977542e+00
2.802814519584228226e+00
3.652340063779725643e+00
3.978802078982981882e+00
3.769112763288770207e+00
1.999722063554810303e+00
2.076998955887368048e+00
2.100674697817554115e+00
1.335370304194413160e+00
2.389603084972588221e+00
6.685728369403685090e-01
2.973414266080237400e+00
9.727598268306690832e-01
2.350901001041006300e+00
6.573953802630969623e-01
4.892610121400377210e+00
1.273275363408959970e+00
3.024025441215898002e+00
4.047779603196479670e+00
2.762204622133541232e+00
2.556805885114515675e+00
2.120495985500742364e+00
1.228431710723363102e+00
3.174181349658209861e+00
1.726498871991069439e+00
1.767581614313303628e+00
1.387683570494525176e+00
3.028074636946613385e+00
3.956295523905464684e+00
1.948367582445553969e+00
2.749310573658437118e+00
3.922530295819222079e+00
2.905063110344693555e+00
2.044145216475451221e+00
2.304913965420091859e+00
1.331476297353546556e+00
1.763692812235409635e+00
3.704006527565751217e+00
4.080347090242248065e+00
8.018414096870843943e-01
2.678989591641252943e+00
2.589565268918808005e+00
3.409471031811524444e+00
7.498188496549650361e-01
1.177127745061045561e+00
1.797488466135080287e+00
1.412956979401472690e+00
1.287930701772649567e+00
1.533363080922270916e+00
1.905483168039058040e+00
3.258832290716134672e+00
9.976040128900519610e-01
2.791601400821702939e+00
3.593044399798476896e+00
1.174486248412964562e+00
3.649175349172174787e+00
3.994287938126250825e+00
3.174496664750768193e+00
1.665202191857864333e+00
3.027100113899597655e+00
2.854150436246905009e+00
1.112345171467668647e+00
1.813287024709326012e+00
4.500783311937819775e+00
2.025025828561854091e+00
1.286957870399057624e+00
6.011306878728993830e+00
1.774618542885516126e+00
9.249433548998132748e-01
3.120577674174319860e+00
2.036409077172932403e+00
2.675001615122804211e+00
1.501646527126358377e+00
3.702925547659830396e+00
1.661890819210924519e+00
2.226042683657405874e+00
1.738995433434064486e+00
2.966621790997133967e+00
3.707005838096785411e+00
3.148685536268391427e+00
3.606073456823887025e+00
2.408037535384335737e+00
3.559133588532099157e+00
9.844668886148945086e-01
9.409852203119521974e-01
2.530250949135930849e+00
1.813101762006261941e+00
2.294082820112533838e+00
1.449349325032505797e+00
1.706768143592215736e+00
1.580441281670151854e+00
2.693615032980177570e+00
1.147760843193238900e+00
6.080905039070523266e-01
3.486802676868306250e+00
2.959360668889516877e+00
3.576564744007112662e+00
3.729902365529989439e+00
1.959004192358707375e+00
2.579394737017048911e+00
3.882929995661489109e+00
2.578615394829427476e+00
2.766767861363936376e+00
3.701212190582407136e+00
1.644374368165741229e+00
8.055416951800932202e-01
4.435836256851314552e+00
2.764384186129539067e+00
8.991467723491062269e-01
1.780594161480344217e+00
9.119940067871928902e-01
2.524788179649230191e+00
3.932019145700764717e+00
3.600645385834884582e+00
2.229437870648053099e+00
7.708186602495136208e-01
2.664089062302625877e+00
3.777580065369466666e+00
2.901931040305013809e+00
1.971998147041297056e+00
2.741519785591861158e+00
2.312434522289473993e+00
1.801553334567624010e+00
3.883023453844963946e+00
1.592501964033294248e+00
3.642805779789499709e+00
2.750581810903790725e+00
1.725664405511307953e+00
2.453508336575186188e+00
1.899503245709693422e+00
1.829825806460142479e+00
4.070134171016265512e+00
6.768730919643847210e-01
2.708371434523351162e+00
1.981476979189489063e+00
2.664735590415469257e+00
9.623892451874795917e-01
1.593884120416595218e+00
5.217663506523586570e+00
3.659810462151309896e+00
9.778520618937653897e-01
8.954633921246250017e-01
6.870402948274410004e-01
3.330309432385063051e+00
8.927418530461392887e-01
2.428557207858243583e+00
1.960040153769957438e+00
3.111617697467920607e+00
4.245493224318304115e+00
3.768361981713519882e+00
6.659645530210623887e-01
3.451753605269322289e+00
7.354607908942568661e-01
1.043843066609985826e+00
3.697276510258377336e+00
9.442460110865408263e-01
4.515985869524534735e+00
4.488388917246822096e+00
1.033977546239049694e+00
2.802578211907990280e+00
2.523552037288864458e+00
8.725603745965521130e-01
4.625105474743210543e+00
2.795227534142936676e+00
3.916123487577507056e+00
1.295249373931472325e+00
2.163816280250870250e+00
1.120022231844556293e+00
1.982557567051333569e+00
2.674749929342531640e+00
2.098807912336635884e+00
1.037935477151700203e+00
3.170095537811833619e+00
2.400130472115407532e+00
1.331601106915802912e+00
3.903818371316379210e+00
2.520089210232116628e+00
3.124838667881533194e+00
8.400766001992212573e-01
3.417437513540498628e+00
1.833606175428523555e+00
2.269342058755227320e+00
1.005623121398691255e+00
8.157649635992572090e-01
1.704254219666060832e+00
3.227545019818713001e+00
2.048702372150274620e+00
1.149267532224001132e+00
3.336920321732788963e+00
1.734392504999289431e+00
4.125952443889405075e+00
2.093928459721515534e+00
1.259160786201911630e+00
2.642439030372132791e+00
1.357203726497564933e+00
1.909756085236298029e+00
3.183599414003948969e+00
8.475864540654078905e-01
3.411275888836638792e+00
2.836062299860648839e+00
1.661359686617446929e+00
7.480337060721660158e-01
1.037719680348196061e+00
1.500664081875230815e+00
2.145796473237918001e+00
2.829543071258281195e+00
1.765715556547825971e+00
2.795383005911363572e+00
3.370178616901446489e+00
4.428591032478517597e+00
1.564830369891863748e+00
1.975568687233559384e+00
3.383524126973554758e+00
1.212050264832203572e+00
2.244370605445092703e+00
1.279854941327570383e+00
3.133095673739003661e+00
2.276457759312053852e+00
3.160832807792484989e+00
2.986175933346778777e+00
3.688146068176153314e+00
1.066267023938791692e+00
2.343727120259671892e+00
7.409976039585589591e-01
3.741530735701835919e+00
3.521291689640672740e+00
1.737189519446087127e+00
1.882635163591089400e+00
1.077050979293310062e+00
2.261455933887263736e+00
1.084577205125452304e+00
2.212776866755676419e+00
4.935417960634005397e+00
4.534431836537648586e+00
1.847763999341762275e+00
3.474899931669872988e+00
5.014422112082076666e+00
1.510344062274677768e+00
4.517079741242977065e+00
2.527422326202586778e+00
3.018022366023832781e+00
1.945288003218992534e+00
2.374463757761176463e+00
2.154980913191034464e+00
3.185550671214308682e+00
1.656424513090053452e+00
1.803675210110810223e+00
1.719848910731039071e+00
9.730945745532285640e-01
2.104568405031312484e+00
2.239854390945287932e+00
1.855546006315437646e+00
3.071010662675067504e+00
2.510215665789570227e+00
1.022022334060319171e+00
3.441733398256479948e+00
2.186030511985435076e+00
2.318104707829152122e+00
3.316004451847465617e+00
2.707110745851099232e+00
2.854937380114258794e+00
1.962858321730636124e+00
9.970714601400292310e-01
4.353003419411040298e+00
1.255207880667747355e+00
7.687013300879933508e-01
3.989398902646810630e+00
8.852453119674434934e-01
9.123590564243287959e-01
2.014683565209413718e+00
8.984705933409236067e-01
2.019001686970909759e+00
1.215144555056306253e+00
3.863678316354059561e+00
4.070175480401074353e+00
2.599699444775067647e+00
2.626885361598683577e+00
9.221276938695028846e-01
2.153622867929548601e+00
2.138021015713532869e+00
1.853539883264723631e+00
3.416227974036354809e+00
4.404228601692336653e+00
8.846649471713321500e-01
3.540911408613450995e+00
4.471894766683344180e+00
1.722804740089351583e+00
2.792851376809062369e+00
8.565056167004132526e-01
3.969774721633626324e+00
1.721351090109744630e+00
3.268898407155562680e+00
7.912612545146442411e-01
2.104718064144231349e+00
3.101091922771354259e+00
2.497494775368102271e+00
3.983778678708604026e+00
2.238223172525834581e+00
3.590572321411579892e+00
1.226587652709985266e+00
2.982547755591286709e+00
3.716187976225819423e+00
9.413349283404475187e-01
4.433387593656184400e+00
2.665435963766150440e+00
2.152294226129411125e+00
2.129335402158247792e+00
3.349742937272954801e+00
2.196789517860223029e+00
5.264214460445875154e+00
2.219706885107437522e+00
1.858611889176025933e+00
3.562050604563190337e+00
2.895321202844781894e+00
4.095630130738031838e+00
1.504005225579047256e+00
1.936266660158425967e+00
3.649413661204158554e+00
2.336732487642541045e+00
2.985440936247342414e+00
9.293483913017470677e-01
1.692536622239328103e+00
1.910442269177757169e+00
2.002826597574674850e+00
3.419409567847037312e+00
4.356618950932081624e+00
4.617793694878212563e+00
3.475045906606565094e+00
1.932125738632095580e+00
2.000952129373360755e+00
5.519849930035694463e+00
3.077030767639644004e+00
3.401122150031213209e+00
2.896059735787884115e+00
9.215534323324465760e-01
3.646246936444142328e+00
2.161554493288114109e+00
4.275323875648306959e+00
1.155367934059070567e+00
3.859524282704415388e+00
3.161396016325597191e+00
1.895095622758819820e+00
2.253682778505212703e+00
1.950066811388290633e+00
3.252461037839983415e+00
4.030643471160018088e+00
8.878308652750147578e-01
1.363623689011270734e+00
2.470408882133290351e+00
4.650038009670207195e+00
3.749308057271819816e+00
1.060360119324056383e+00
2.104608282350761694e+00
8.942853041536760195e-01
3.350563028657352671e+00
4.451709262809733225e+00
1.617939396044534073e+00
3.913119209243583363e+00
2.855161486336583287e+00
3.568649871720328992e+00
4.750683963220812878e+00
2.740102017154081082e+00
4.459908999318482614e+00
2.919993626693979660e+00
2.961014986293219131e+00
2.148502812271588791e+00
4.396181377109128263e+00
3.112636880731604716e+00
2.681333421576482579e+00
3.685813970138998030e+00
3.620438859360028516e+00
3.888299837952238658e+00
4.966486808412226672e+00
3.287900943868789838e+00
1.083666495856311807e+00
1.845591720643452005e+00
5.215126968225008319e+00
2.313840198966547135e+00
3.731569181393557866e+00
3.239599530468739275e+00
2.160725832402867752e+00
3.600686107572657946e+00
3.574122292257571054e+00
4.544824879567864961e+00
2.435904708464765811e+00
4.357888019181662465e+00
9.520454185525497603e-01
2.897403991585063121e+00
4.360652682078484332e+00
1.026102269275402490e+00
3.574065225053154826e+00
4.494937699242645301e+00
3.282996372277623198e+00
