3.062665604233032468e+00
1.727394287825728680e+00
1.172514172807806343e+00
1.927419772725527336e+00
2.714766271574173828e+00
7.664975886301428343e-01
1.724293491348479979e+00
6.939724539356416644e-01
9.694188390529030475e-01
2.427775196087416543e+00
2.089337632739000750e+00
3.618347650577514507e+00
9.032667962099187875e-01
8.240233717239905387e-01
1.192903042704922978e+00
1.889481463158639851e+00
1.932677332052436858e+00
2.669644473124377360e+00
1.758546738889319005e+00
4.040223894510916125e+00
1.702312025641625759e+00
3.185595266569952067e+00
3.933286637636587812e+00
2.224094849685840813e+00
2.411422659502874044e+00
3.759085041272411942e+00
9.505836894366308520e-01
5.540085992570154438e+00
3.700218576737440035e+00
4.768535716192141116e+00
4.054987694349883043e+00
1.464761960878653513e+00
4.935005773413425167e+00
3.378592051272218288e+00
4.091882600422316330e+00
2.326052797056320731e+00
2.943538171608723886e+00
3.503836321799887799e+00
4.371522420039924306e+00
1.816257480035865290e+00
4.263857923406298767e+00
2.299825219603488957e+00
8.096702115900075158e-01
2.880550378890788021e+00
2.280510158059366077e+00
1.065012605484993324e+00
3.518980268737980754e+00
2.115802203747817245e+00
1.691065973485219365e+00
4.055550459877721003e+00
2.134388075583403488e+00
2.764998191462054056e+00
4.596194497288582426e+00
1.065365288307207337e+00
4.499403086408322316e+00
2.909294172518453792e+00
3.647814351688453804e+00
1.519485528004705266e+00
3.399784432158976966e+00
4.267836644955142589e+00
1.830740800989915096e+00
4.076833805523857990e+00
1.854031001369480514e+00
1.040512620711683489e+00
9.725486178911116886e-01
1.456181062284587435e+00
1.492340306205464096e+00
2.501502760196726793e+00
1.626003725127321387e+00
2.841981765389644199e+00
2.339831639486785519e+00
3.859708892697609528e+00
8.806786219873724564e-01
3.923654302129472971e+00
2.994028550118895460e+00
3.206364627328003980e+00
2.712764368539406945e+00
1.859898980418155823e+00
1.082904624848304520e+00
1.927325698311783020e+00
4.043803119807328983e+00
1.925604938332795335e+00
4.236791192920209781e+00
2.288619673282946909e+00
4.684722220749626409e+00
1.330846672126456243e+00
9.053155066402941431e-01
1.060785668773418067e+00
1.064293118079527645e+00
2.716977165427251428e+00
1.154473269217880738e+00
3.587122965041584788e+00
1.239857260500650149e+00
3.672356215467462714e+00
2.641036117804393069e+00
3.633184520467861667e+00
2.762059783498391319e+00
6.978208780554129298e-01
1.933940467764915017e+00
2.647312862991559879e+00
1.673968861996997903e+00
2.543304576805883066e+00
1.118717843747667251e+00
3.860665483015360167e+00
4.582100117065452061e+00
4.199851288108406244e+00
3.980960899350343585e+00
5.740452872825717812e+00
3.808326196248550843e+00
4.238044941927586073e+00
2.126573516569725708e+00
1.345265756844237881e+00
1.135715910082941926e+00
2.889717461788570141e+00
3.925276515550011780e+00
4.480241211145322922e+00
1.896392868833970624e+00
4.670648321970340966e+00
2.060661717971588924e+00
8.555737138464899472e-01
3.427739444516524792e+00
2.135930977957978705e+00
1.012059866314159784e+00
7.054813162831785611e-01
3.971157823772053952e+00
7.384546152151744147e-01
3.246663966974215221e+00
1.898135381127211474e+00
2.413322927232343318e+00
2.026171799324538725e+00
4.660240101690803272e+00
1.580741982033894821e+00
4.346533886273126868e+00
3.631286857509979260e+00
2.552692698370729207e+00
3.968434795497899348e+00
2.105735591269096041e+00
1.859574374802961838e+00
3.190770748380218791e+00
1.087120212186337476e+00
2.342824058620365246e+00
2.409428426103134235e+00
1.938484322192877363e+00
3.545225477238306944e+00
7.058679901785115396e-01
2.331336290384892429e+00
4.036348945528655641e+00
9.870090154537606297e-01
6.287468934231803530e-01
1.943111338239118746e+00
8.645974758256395054e-01
4.019305704235934584e+00
9.658487924542532577e-01
4.189346841293191126e+00
2.052899608978980606e+00
1.862558113147344763e+00
4.445588458197402559e+00
1.131524615333417527e+00
2.001863457471528385e+00
1.043466902642201655e+00
1.639966722697530521e+00
3.845008266591291690e+00
4.650388696255085996e+00
1.872757704353359198e+00
3.567920132099550834e+00
3.811466578651365733e+00
3.763834107069633728e+00
3.245844078986982240e+00
3.487737270360248054e+00
2.642355693181579035e+00
1.229504746851218577e+00
3.646869532503127065e+00
4.522084423161603972e+00
1.845822906139252595e+00
1.908875983369195950e+00
7.463859127292566953e-01
8.424953707656960278e-01
9.049795911053748476e-01
8.748844098145783788e-01
2.560610656623194092e+00
1.573874383326098636e+00
6.065394263228536254e-01
3.747844078867739182e+00
9.624637889679734659e-01
1.806434937618362380e+00
3.375403017850130194e+00
9.882342573503913874e-01
2.533929224570019123e+00
4.054139433771453582e+00
1.050819463085109762e+00
2.909148920176423125e+00
1.753158649857920359e+00
8.597489309532438950e-01
3.055570300470213940e+00
3.272000283985828428e+00
1.650449750952948547e+00
2.961033619408519613e+00
2.909998043466544448e+00
4.728100890427200831e+00
5.233919807876015184e+00
3.288709742991371865e+00
2.956558430976039098e+00
3.589350482685390809e+00
3.363383944857392116e+00
1.300079783382460885e+00
1.186111161488365484e+00
3.753822926582194519e+00
2.307849941106669966e+00
4.382425337365193130e+00
3.998481993825836689e+00
3.073119475335319262e+00
4.697961119290847698e+00
3.568948797606267043e+00
4.613289290135248244e+00
4.797991535961558363e+00
7.478396982884253363e-01
1.521766344409727578e+00
2.788354575875524599e+00
9.778167873320671166e-01
3.758425842316324150e+00
2.727089897644728200e+00
1.554981935722169251e+00
2.965493147430114718e+00
3.027095098289773745e+00
8.969333514559286735e-01
2.051922451355991939e+00
7.471327010757676801e-01
1.359626256516045739e+00
3.388322506875163231e+00
2.734049230100685346e+00
1.424454281701425407e+00
6.767038356772063779e-01
6.143228918558630847e-01
3.872592350229612013e+00
4.954117772897705052e+00
3.912040689788441217e+00
1.900429577416667737e+00
6.608516077872524930e-01
1.088642813499095308e+00
3.905282858578005722e+00
2.675265688473234871e+00
4.379089393165989996e+00
8.945592596407707653e-01
4.045643405375077606e+00
2.372364869724549852e+00
4.098610792796207214e+00
3.833298453990209964e+00
2.956570970026262124e+00
6.650431493094818292e-01
1.232925419048618965e+00
3.224380061974592149e+00
1.771991530206357801e+00
3.201676077371102824e+00
2.916195651987530280e+00
3.424569399991233443e+00
2.283701592893095711e+00
2.739202094168571744e+00
2.558884593489338499e+00
3.770086409206876432e+00
1.571793753440398289e+00
1.988619897847802243e+00
2.810947688576841408e+00
3.032535575731503119e+00
3.003311992310621736e+00
2.650656180875835766e+00
1.046066630599354896e+00
1.863445022614255819e+00
3.843366505763831764e+00
1.818284076756280010e+00
4.734198703217114002e+00
2.858990069279495394e+00
3.622785648680743265e+00
2.336234877949869837e+00
4.593646413583045707e+00
3.547803817494365131e+00
3.930397562698071834e+00
4.451240184599911665e+00
2.404565604774765220e+00
4.175239267068309168e+00
8.060877219322557519e-01
4.132138695337761902e+00
4.492483521835072935e+00
2.210242353019928885e+00
3.059518665969267470e+00
2.982173978099728284e+00
3.423565835347230468e+00
9.863793841200252377e-01
3.807149112625123788e+00
3.091487296193856871e+00
1.082757163875189166e+00
4.548233827607877977e+00
8.187664397524350157e-01
2.996235714187710730e+00
1.803367582010616088e+00
2.531748228730639649e+00
2.190399227728776932e+00
1.725101929680448398e+00
2.953715176441077617e+00
2.900662377693011162e+00
3.798271061163906559e+00
2.721257209581555703e+00
2.561581345249231312e+00
1.867209544968235546e+00
3.709132495023887977e+00
2.130585487708851922e+00
8.401259497791486730e-01
1.105838272872781802e+00
2.199989255981015468e+00
3.162652504947024656e+00
2.996836918317054455e+00
3.066903234058479644e+00
2.114982287719231469e+00
7.234139553022805869e-01
5.623610806280146868e+00
1.984215024303285668e+00
4.457327695096078735e+00
2.382898515326235866e+00
7.733614977345919517e-01
2.262834470135392628e+00
3.647841456044915720e+00
5.230059615636610815e+00
3.689735360878272807e+00
4.406389192306392921e+00
4.947966308764887522e+00
2.706839816797168563e+00
1.800056035101132546e+00
1.902754332523575176e+00
4.897204941701202685e+00
2.709677529342806590e+00
4.227985060557546859e+00
2.804000865417478838e+00
8.198259633374362920e-01
2.880156620464202177e+00
6.527876968402784863e-01
7.632069558547159849e-01
1.841870501879107058e+00
5.894420099318455009e+00
4.530049833733674092e+00
4.896867005195130851e+00
1.879836553366221352e+00
3.104150118608194120e+00
1.995330160706891620e+00
1.146471228741018811e+00
2.047942501635789725e+00
1.550781943506120975e+00
5.780954451466014277e+00
1.855240009920552602e+00
2.006378841933758927e+00
2.978500036579681876e+00
2.060074225905261791e+00
3.025280940340502767e+00
3.799070587286763612e+00
5.301996989159090568e+00
3.213591695833135198e+00
1.024583396431118176e+00
2.023268575596624430e+00
2.580086464783698297e+00
5.220640887308339195e+00
3.380316581309462443e+00
2.457665344766241766e+00
2.693178069004591890e+00
2.273123403392747655e+00
8.861567910679045701e-01
2.487820993504711975e+00
4.730593457221513809e+00
4.445361773505703162e+00
4.162134756005308134e+00
8.681927643025798558e-01
9.199081241978154244e-01
4.562915659669531721e+00
4.162582889790072294e+00
3.059873917063864468e+00
9.129605568245556801e-01
9.944160237081769438e-01
2.166253605494408152e+00
1.470439126602066660e+00
1.225134363176965335e+00
3.069711208658330914e+00
4.304615218931104437e+00
4.746903968764132564e+00
2.539337618098827853e+00
4.060922525685067619e+00
3.926650359799837897e+00
3.668989461421072740e+00
1.523440664498233010e+00
3.146331976275172693e+00
4.074992185380152065e+00
1.022462439511078847e+00
1.563599612053151899e+00
3.702735267180973455e+00
2.065373992153392013e+00
3.021783497943093533e+00
3.036468323781424061e+00
1.699957407538358334e+00
3.813455472604046381e+00
7.274438222054278036e-01
3.752691732007506165e+00
3.129758414458193805e+00
2.385060561000482693e+00
4.117816339641090728e+00
2.312095759030055486e+00
2.949755374459457347e+00
1.419184287985029824e+00
4.330054452007276566e+00
1.084610390517785072e+00
3.179257475872133032e+00
2.861406612197093136e+00
1.443486917233096634e+00
3.753892546476928604e+00
3.880753187344847532e+00
2.185581329637012349e+00
3.787540431295840726e+00
2.661124767903980892e+00
2.273659017341392641e+00
3.573271174777791881e+00
2.294913762310157423e+00
4.203631257871568216e+00
2.039619752829946009e+00
3.186796993043478743e+00
9.214006549868042351e-01
9.938933064177075671e-01
3.767297241740718228e+00
9.487312885745076141e-01
1.911472872646318377e+00
3.216000048698380631e+00
4.643227109318342372e+00
4.892920597772280722e+00
3.068925545410122080e+00
5.227017808421354772e+00
4.703224648782052597e+00
9.166104016780437513e-01
1.847831850632962736e+00
3.610654037911372516e+00
1.648961489019045601e+00
1.997785135513998833e+00
8.928147491311887451e-01
3.149621123158263813e+00
2.979168925778552968e+00
3.228080968418663765e+00
7.730293753127008838e-01
1.508085069016811719e+00
3.490542403783861047e+00
3.049072681756657577e+00
2.043524777038832063e+00
1.947149719288819414e+00
2.245376445440888435e+00
3.130362407891206011e+00
1.094794281720188778e+00
3.558481256993395014e+00
8.941759577431832584e-01
2.796916408127061437e+00
2.942622446030323413e+00
2.424654887590302010e+00
4.537199876480231708e+00
2.099921387426899155e+00
1.748413559507794313e+00
3.699615686905562750e+00
3.524547319259586864e+00
3.516334862256894844e+00
2.271166993473120232e+00
4.023261148549035937e+00
2.345219945634518854e+00
1.797614003759086643e+00
6.564933002480165536e-01
2.739332481847552625e+00
1.711865719009039166e+00
4.030977695174493114e+00
4.266992335032349537e+00
4.148154638086681167e+00
4.005349550452780072e+00
3.066950591134885773e+00
3.392951639797935570e+00
4.445631945930457185e+00
5.119242292507494518e+00
2.451263396561865537e+00
7.758158943080182279e-01
4.212198628410490642e+00
4.440143883192499530e+00
3.129141348535732892e+00
6.724894369935551230e-01
1.864205956699125366e+00
2.368143425800940616e+00
9.426217634443949667e-01
4.346244406820871653e+00
1.703165209119013035e+00
8.447313087548140587e-01
9.298606045983196511e-01
3.563080035006046753e+00
3.784266950096880855e+00
1.052509412430367775e+00
4.574161210624535734e+00
2.456188139352915023e+00
2.535466505564426765e+00
3.447969234290725549e+00
4.265305781039796074e+00
2.164810594549487544e+00
1.917593147347508742e+00
3.008544689542515638e+00
1.828746219483716517e+00
8.588451534977027402e-01
4.340649914950961197e+00
3.885332629785496650e+00
8.776640613226771581e-01
3.512793490618326242e+00
2.930469354318184116e+00
2.344924676869164504e+00
2.297790340124960640e+00
2.590632569136979590e+00
2.984462850765241093e+00
4.230107793902234903e+00
1.901176909528042414e+00
3.832806857449547078e+00
8.714068575361908486e-01
1.531438707888794992e+00
1.774513880223269169e+00
1.847213396865978741e+00
8.334518592537832893e-01
3.417443896735222975e+00
2.232281314381021620e+00
1.939122745348894394e+00
8.269098059668085199e-01
3.524897115402449987e+00
4.071233735644525176e+00
3.277445804224674131e+00
3.756459727125788461e+00
2.329227858257611583e+00
5.474255579993137388e+00
2.037446171716936760e+00
3.306210072217747431e+00
1.934851373921277373e+00
3.617284096271193850e+00
4.837478009321498185e+00
9.413150120720561453e-01
2.860665962257405326e+00
3.278218525337854405e+00
3.966216288337004681e+00
5.236060338194642227e+00
8.284044196177563490e-01
1.752165048691040727e+00
4.326268127637787231e+00
2.428355830971842710e+00
3.540463053285369366e+00
4.590755927863000352e+00
2.480673124089794346e+00
3.237737239424721025e+00
3.864565823323433236e+00
8.718366969188602322e-01
1.092870540154072589e+00
3.229652223345781614e+00
6.332853209193400890e-01
4.404759492615871963e+00
3.574867739146273315e+00
1.986993588186223514e+00
2.215994682196438692e+00
7.891404501374448266e-01
3.985046840382706179e+00
5.692066305570678830e-01
5.374185491111554747e+00
4.093408923215258177e+00
4.679412435828901984e+00
4.623910646309769668e+00
1.710248499689912327e+00
1.457927668653899556e+00
3.261917312995997076e+00
1.031408932041424587e+00
4.886688292516639720e+00
9.978058393099186185e-01
1.815801922695739146e+00
3.471140812759740957e+00
2.267136439726998187e+00
1.823705219633176444e+00
3.308029747801693787e+00
9.166080034447240399e-01
3.265951481062319584e+00
8.516647619105829348e-01
5.783010560121392807e+00
1.772589103158442425e+00
1.352481093201167939e+00
3.709028250358272327e+00
3.115368575116231220e+00
2.041476434568121778e+00
1.744667526689999804e+00
2.323324358924278243e+00
4.064259650209638863e+00
3.698757901464578612e+00
1.956559132543385537e+00
2.758982520790291826e+00
2.068078805737435744e+00
1.962288249882427893e+00
2.632387472548413765e+00
1.154179935920004230e+00
2.057072110350256722e+00
1.630614241044712198e+00
2.149650927947566625e+00
2.461252872955152604e+00
3.891785191871611094e+00
3.249765429003666384e+00
8.791236891320626246e-01
2.682400708458756444e+00
8.017233052856325148e-01
