2.867401119057250369e+00
2.048033829905357095e+00
1.802515669101022455e+00
2.747583547368093626e+00
3.384837405155646906e+00
1.922159556493814092e+00
2.639051468853969240e+00
1.595517915292850253e+00
3.986127737130613191e+00
1.834598061210111375e+00
3.049701512824490646e+00
2.118558444500282523e+00
1.976567763413615619e+00
3.571682207316540403e+00
4.875961833418586799e+00
3.103911731403117713e+00
2.113738514273027391e+00
9.696239973566012083e-01
1.385012490836194932e+00
4.166783955259248273e+00
8.730545848831892108e-01
1.674439686277504835e+00
3.722794744796174449e+00
1.987508973138991886e+00
9.570804597522185597e-01
8.641878011148006467e-01
1.188259552366099925e+00
2.390073077838670290e+00
1.499656346322279399e+00
3.260843347538744386e+00
2.830538747772648911e+00
3.515187599752781722e+00
5.032007953421250512e+00
2.346552961584082109e+00
3.456252102040071605e+00
3.080707913212625382e+00
2.256882356898101349e+00
9.182442190622189804e-01
2.600405763229029610e+00
3.535367153172226828e+00
3.127199151874500149e+00
7.481381788892230711e-01
8.787907433843276106e-01
3.961979873125609064e+00
2.325894927701470660e+00
2.703508502775044953e+00
3.295897434663267234e+00
1.060196707809949457e+00
3.920578802381578409e+00
1.792226720318109701e+00
1.546732525873926178e+00
8.787917961231004327e-01
1.658781086666424986e+00
1.830836335069654597e+00
3.932439404094359325e+00
4.573230481112244838e+00
1.059442679501448659e+00
2.218898782185596996e+00
4.063510088284446375e+00
2.841830175983707463e+00
1.072161794760974729e+00
1.189775341857619573e+00
2.363157374831498014e+00
1.657646375407589856e+00
1.132460325628615871e+00
1.245247813020595951e+00
2.957821901901222184e+00
1.829677723399358635e+00
4.207720027906148630e+00
1.248760235509172922e+00
1.342757202230349778e+00
1.740985836547864762e+00
4.764205751510468545e+00
4.375619690752107438e+00
3.570141941646376438e+00
8.450992528500888001e-01
1.578986782399306454e+00
3.961719873474996323e+00
1.829393986225961388e+00
1.329416833812872012e+00
3.987646591022569798e+00
2.238606430695448068e+00
2.529586873650326417e+00
1.587181848417285934e+00
2.132613900477243085e+00
3.548150197706793740e+00
3.108310285669816597e+00
3.432363931290681514e+00
2.456451700075261257e+00
1.101053876974747547e+00
1.987161619288007719e+00
4.469189209021624087e+00
2.738222538811100115e+00
2.998557621456226396e+00
1.177872517147772857e+00
3.118649717975504831e+00
2.068432964398507767e+00
2.568373535330712887e+00
3.372374201039890718e+00
2.406572776153593551e+00
3.770614458732564511e+00
8.631333459134636898e-01
2.315252798939731793e+00
1.255467727001397416e+00
2.751180050643804886e+00
9.841896133958983883e-01
3.298958622534672092e+00
1.286265597031860164e+00
1.861700693468292256e+00
1.057441162260368106e+00
2.987356119039871416e+00
2.886749870585726629e+00
3.574718434258239430e+00
1.527317662170354140e+00
3.052596498469767994e+00
2.982922837127815363e+00
4.167353159991703748e+00
1.516510706256091634e+00
9.025855777749872688e-01
4.443908241909539036e+00
4.153186989004145069e+00
2.886068614736659654e+00
1.857461434343138817e+00
1.054895936039170090e+00
1.461277967878562345e+00
1.773287663388853463e+00
9.187239894550227604e-01
3.193671995063079194e+00
1.323768870461356828e+00
2.125363836702921283e+00
2.858935362325403684e+00
3.334065822834237469e+00
3.788562955800490073e+00
1.905760495828253687e+00
2.289204499555023364e+00
9.736086008649836865e-01
3.092485725409121144e+00
3.409654969199985786e+00
4.519521896576833342e+00
2.418487513186171167e+00
4.248920174015527351e+00
3.472973304103988301e+00
1.290441057636101174e+00
1.988575471361316627e+00
1.107433860173639983e+00
4.009050001845150035e+00
2.358795137634543071e+00
1.479852413001166545e+00
2.824295042157922264e+00
1.851391451615943096e+00
3.783947175078138159e+00
1.872188547027506145e+00
8.883477657157541341e-01
3.766565306498280474e+00
2.014554119485990835e+00
1.831952098791068906e+00
7.011458850248907249e-01
4.528432093021465654e+00
2.440323993420056681e+00
9.568895760698180597e-01
3.713811145328777208e+00
9.761043935583638698e-01
3.690411782447080125e+00
2.912996836085471664e+00
2.282285406577899245e+00
7.709622608192414628e-01
3.015885826758711641e+00
3.480850324457339884e+00
3.024344945829671172e+00
8.926898603620135875e-01
2.306201534234027850e+00
2.843802563941024708e+00
1.679441520299465029e+00
2.083035481714821113e+00
2.963210125653750193e+00
7.078846924512619543e-01
1.565068662326780435e+00
9.757952166500314384e-01
2.258671316737989709e+00
2.782789674758214815e+00
4.665106794472489327e+00
9.090820548069148410e-01
3.047683324915000380e+00
4.320505109766402896e+00
1.557203330751048664e+00
1.079950585359697124e+00
2.292201507956010520e+00
4.028130626849755203e+00
3.128761143757859742e+00
3.501527845941607264e+00
1.033679260777788045e+00
4.848802413715592508e+00
1.191021142787162868e+00
3.315036972341645072e+00
3.194238696568477032e+00
3.346739799837395335e+00
3.563204254685356620e+00
2.795373047064796612e+00
2.835121747356699640e+00
2.648663387428637161e+00
1.239338126762127068e+00
9.831833401201485190e-01
3.201574147884588939e+00
1.954704818683348666e+00
3.406974615624866143e+00
3.025514075933149361e+00
2.811419266688996110e+00
2.877208355259268213e+00
3.436581847882741236e+00
3.989026636437451145e+00
2.274818965771153501e+00
3.874791688540768941e+00
4.171025037064813645e+00
3.719584565592901182e+00
4.011846605456947046e+00
1.789184532535445404e+00
3.203595351741471475e+00
3.475297762366706955e+00
3.784376308398024413e+00
3.855335085778098136e+00
1.064452534052622967e+00
3.612491647995108579e+00
4.220955213424061547e+00
9.987620145915303560e-01
1.019433120063927722e+00
3.536202183709515889e+00
3.183862752323818768e+00
5.087397206030602526e+00
2.078849223702799343e+00
9.229781665607571517e-01
2.361459258650082660e+00
2.191894450580754938e+00
2.172898721443324632e+00
3.931825774913778826e+00
2.716315430147701715e+00
1.094247742937259016e+00
3.109711700450611183e+00
2.610128498269292496e+00
2.048743374267764761e+00
1.481953249894650382e+00
2.705626977850906556e+00
5.867528967055312128e-01
9.275055501199229724e-01
2.628983022551838022e+00
1.845054388566300219e+00
1.983536239634073661e+00
1.564746932587612660e+00
3.873605494587797349e+00
4.889028310778071429e+00
1.294544792145325696e+00
4.380081779753317583e+00
2.116866922121320993e+00
3.264154125942287710e+00
1.461810787225872765e+00
1.056077326976395447e+00
3.321935231013718681e+00
2.187495919555388024e+00
1.258355240118885110e+00
1.499132800978526525e+00
1.558477615539226591e+00
1.186007120322060571e+00
9.767176754032041996e-01
4.368199642523345361e+00
2.004186131170561769e+00
3.607792202232245060e+00
2.887388772657896396e+00
3.316228554126972927e+00
2.685565512697475565e+00
1.260613920944559263e+00
2.101857168720081770e+00
1.163415889192105368e+00
3.071660645918654176e+00
2.355817453558617380e+00
1.760575812897226200e+00
1.039120975011362802e+00
2.730848723089467356e+00
3.257448925028215037e+00
3.394960419465931967e+00
1.371721944103594826e+00
9.704725003047693921e-01
4.260148445296563224e+00
4.927042981356186679e+00
1.890871216227712592e+00
3.530306598477164659e+00
3.725299132906486843e+00
2.099169676762545844e+00
3.596114440699159864e+00
2.192627837890245068e+00
7.372552345902294579e-01
2.497110565756421430e+00
3.721587867186673559e+00
9.629789321329234042e-01
8.702783958885600413e-01
2.625978579127532964e+00
7.062253097295264626e-01
2.752940566298978098e+00
2.359708558321637728e+00
2.639049032388054439e+00
1.406544852319544514e+00
7.489641532553944492e-01
1.443860921832981425e+00
4.155676956618731488e+00
1.888033237177956236e+00
8.570613951749972426e-01
3.293652057215967766e+00
1.761401031672746642e+00
2.828114826994145403e+00
4.292516029649767972e+00
9.731163013526172856e-01
3.607629007139748989e+00
8.388822237546750271e-01
9.995508772876913195e-01
1.448741846738330841e+00
2.523510491016905277e+00
4.689305258665421583e+00
2.227427202675254847e+00
3.224757095423208764e+00
2.620961463119992008e+00
3.501330062563832168e+00
2.600339497825444823e+00
3.643413227941238564e+00
3.281673746619073295e+00
2.999049680932945439e+00
1.704889342216549863e+00
1.740405120286962815e+00
8.619962323884251543e-01
1.069563496315907747e+00
4.549767658910792711e+00
4.294654109835541078e+00
8.729393442172223017e-01
2.276262735612299082e+00
2.915804686887687236e+00
1.569481372892535864e+00
1.276049152989097824e+00
1.918916066994426295e+00
2.046875871423580406e+00
1.658786269542755765e+00
3.221796995817974185e+00
2.872665038498530610e+00
1.742946138066163275e+00
4.190409038151487131e+00
3.007062088675671596e+00
3.224628261594665091e+00
3.517484678631540795e+00
3.523379689458729036e+00
3.654818943891012584e+00
4.825628637494478568e+00
2.640645245604469338e+00
3.663948366565325188e+00
1.892192683855105306e+00
3.630160902728222450e+00
4.196825532001774661e+00
2.342329137201814238e+00
4.982677299034675933e+00
2.218415798724141297e+00
8.345896109991466361e-01
1.580974937221434340e+00
9.859344789968552680e-01
1.060090607511032346e+00
2.372451373137205888e+00
4.009643638836280388e+00
3.693283730544485888e+00
3.283780546125899313e+00
3.300135338640101779e+00
3.950952699891778774e+00
4.220021835574020663e+00
3.877197303347368340e+00
1.770454715456154959e+00
3.254861092027773406e+00
1.991489726452447595e+00
4.226417649684632849e+00
2.945257031658584879e+00
2.176098972278750043e+00
2.390372177630451400e+00
1.948203124112170448e+00
8.894443280484096714e-01
2.729901364092012894e+00
2.849187791124998093e+00
8.818888449186487177e-01
2.102171534734313951e+00
2.041410334911649915e+00
4.302981706468126610e+00
4.261662679118933816e+00
4.561396290295866685e+00
6.449907146342384046e-01
6.190282790630639020e-01
9.821455253813119457e-01
4.958972278688137614e+00
4.001024916784453822e+00
2.001362370187210971e+00
2.156772161764698659e+00
1.003927813049293905e+00
9.222747853831345655e-01
5.839383750219421465e+00
3.126360938667772871e+00
9.623030874722904304e-01
7.797240738270098115e-01
8.637673027104980639e-01
4.958691040020926977e+00
3.036040096506767316e+00
4.471648353295454292e+00
6.985664456252849153e-01
3.040496321124347201e+00
2.336167580230506413e+00
1.569485363764508978e+00
2.854029862214416458e+00
2.559307300214496816e+00
3.439514430358179720e+00
4.488116694430411613e+00
1.185290767505616349e+00
1.020974392275703746e+00
4.034076171564824342e+00
9.035318446732977238e-01
4.285025457768654178e+00
2.482489954879728788e+00
1.658981049647752393e+00
3.015119603785096469e+00
1.588770244244884111e+00
2.008556324958577388e+00
1.508011557813093262e+00
2.752784327964603595e+00
2.125135558789083223e+00
2.197117992844964007e+00
4.524578584687168004e+00
3.457584023942808393e+00
3.441010653067225533e+00
2.403849821348627458e+00
3.065345409607199478e+00
2.469863518390700730e+00
2.456945665199221640e+00
4.202250685430296784e+00
2.453305050661458431e+00
2.834306657629290349e+00
3.136702050664174735e+00
9.046325483076940177e-01
2.081284433281984203e+00
8.091427337296087652e-01
3.141804204370476583e+00
2.208555043831275988e+00
3.799064986520863219e+00
3.469797399433982577e+00
9.501381360723936131e-01
3.638968071930035020e+00
7.964608152939963714e-01
1.633275093797402544e+00
2.590527462173114248e+00
2.339498575306595107e+00
2.928078628033614184e+00
4.146043582758164980e+00
1.738812068352378892e+00
1.375910715301207565e+00
6.417453477358733283e-01
9.384937174163746620e-01
3.129059940245833893e+00
2.036099359234992967e+00
1.858678023375138988e+00
1.775291079828287932e+00
2.676758743664905627e+00
1.846923039468706174e+00
3.910699376691578077e+00
1.721430500936012020e+00
1.770230766220182383e+00
2.811260485207679238e+00
6.783000994715867593e-01
2.140851113680354523e+00
1.704972399469457889e+00
4.121051449268546385e+00
3.621452857996783958e+00
1.130159019873505644e+00
2.843301841556042486e+00
2.533170013111482710e+00
8.930316541615975767e-01
3.580399608711470449e+00
1.311920392789745149e+00
2.957929477937409235e+00
4.749548827462443334e+00
2.034365853286434600e+00
4.095305154318677587e+00
1.541315786369333862e+00
3.615597605626180044e+00
2.892415135986643904e+00
2.922167104789414438e+00
3.751864337737611965e+00
9.965015154699194966e-01
2.659113620755813923e+00
2.199023305456290434e+00
3.833624888254155483e+00
3.820064595392147044e+00
3.086797545010218524e+00
2.713919246029836696e+00
1.946298256292130935e+00
3.548754605769794512e+00
3.021860435566643854e+00
3.373112552737449477e+00
1.872888422126872232e+00
4.909486481397094870e+00
1.751044594987898551e+00
2.626661713381388985e+00
2.617639171240158991e+00
8.208224001030042238e-01
6.710473902458741202e-01
2.058853299829946693e+00
7.232825910748186260e-01
9.774116927271487842e-01
9.442293641921142289e-01
3.965007765673976170e+00
1.503298734186838015e+00
1.980939527536568878e+00
3.041335502610724273e+00
1.001543976534677416e+00
4.440998981981261196e+00
1.390569145533878892e+00
2.588296689747724866e+00
1.867881416393513794e+00
4.385302362662917730e+00
3.023876158865895558e+00
3.615130920307440210e+00
2.863617591628358383e+00
2.127926309045567344e+00
2.533092987054643697e+00
2.636227257110486555e+00
2.004145383289532845e+00
4.652737403318093712e+00
2.312540448725499687e+00
1.710563096796260396e+00
3.888424791050657081e+00
2.421478713162306118e+00
1.155239057816441983e+00
1.570248511883107101e+00
9.258875259811141234e-01
2.051231588301459130e+00
1.301539396490843936e+00
2.796885712390985823e+00
9.742410919281898618e-01
4.254727863917774577e+00
6.726364265051534286e-01
1.355683941141940130e+00
1.150644058952997595e+00
2.085675931327394039e+00
9.664248165074015295e-01
1.179473353506923949e+00
4.532243936100663007e+00
4.688557112795712634e+00
1.957285472453943687e+00
3.941710066481544761e+00
1.754428830537364759e+00
3.757780112506229120e+00
3.558613052308311264e+00
2.316673994004874171e+00
3.107780571521692625e+00
9.614911629788021052e-01
9.760343013229669795e-01
3.232627376315176271e+00
3.608928537970519379e+00
3.030612270517714091e+00
2.970090213146984848e+00
2.118420316029406614e+00
9.018616714199362283e-01
2.647944649834191200e+00
2.035930848216085831e+00
3.912268543652107855e+00
4.942150344885282820e+00
1.663081932896774973e+00
1.016267527912864121e+00
1.628846657933445075e+00
3.562657092109260404e+00
7.609131647298431611e-01
3.516027925021300682e+00
9.387111512977585059e-01
7.610298204479037931e-01
1.831681916266683752e+00
8.164910493750470177e-01
2.066091197773698429e+00
1.601386174484726865e+00
5.341658959692684228e+00
1.014273682538539445e+00
3.601458275877785109e+00
2.134355745740270205e+00
3.931644739322054161e+00
9.819587412842828433e-01
5.318790131495108042e+00
8.930889776942145808e-01
1.842256451865337263e+00
2.918680595355250151e+00
1.075480050891572059e+00
1.269938350438744479e+00
3.343457903091014316e+00
2.074607556524846963e+00
1.567247148270851209e+00
9.140378065892785786e-01
3.311180983258777299e+00
1.558335657078267156e+00
4.002907422747203015e+00
1.615554918957176289e+00
3.656201304740707148e+00
4.386395048051260126e+00
2.643133523760506698e+00
4.566424303563134224e+00
9.368474666382371474e-01
3.537244606462585317e+00
